0
0
0
0
0.497996
0.897281
3.15311
4.9564
8.93961
12.1333
18.0835
22.8543
31.9129
39.1759
50.6724
59.89
71.2585
80.379
90.7663
99.0947
108.898
116.759
125.648
132.775
139.327
144.58
151.425
156.913
165.15
171.754
179.688
186.049
193.58
199.618
209.568
217.543
226.829
234.275
242.973
249.948
258.162
264.748
272.357
278.451
286.909
293.693
304.098
312.442
322.076
329.801
339.992
348.163
359.911
369.335
380.762
389.924
403.42
414.241
429.06
440.942
454.244
464.91
478.368
489.159
505.25
518.151
529.527
538.732
549.615
558.341
572.527
583.902
598.38
609.989
619.823
627.705
639.255
648.431
660.492
670.369
682.667
692.528
705.533
715.96
731.008
743.07
758.459
770.798
786.39
798.681
814.604
827.371
842.121
853.947
866.946
877.59
885.521
891.873
902.275
910.619
921.959
931.051
941.226
949.384
960.158
968.579
983.735
996.113
1004.9
1011.95
1020.28
1026.96
1037.1
1045.29
1054.18
1061.31
1068.48
1074.01
1086.23
1096.03
1105.8
1113.64
1120.86
1126.71
1133.01
1138.16
1144.11
1148.89
1153.24
1156.73
1162.75
1167.62
1173.8
1178.71
1187.61
1194.66
1204.29
1212.09
1218.27
1223.36
1226.94
1230.16
1235.07
1238.94
1242.52
1245.47
1245.77
1246.12
1246.05
1245.84
1240.85
1236.52
1230.66
1226.01
1217.53
1210.7
1200.3
1191.82
1182.46
1175.12
1169.64
1165.17
1156.95
1150.34
1139.97
1131.63
1124.18
1118.17
1111.1
1105.25
1102.94
1101.11
1100.17
1099.37
1100.51
1101.45
1101.76
1101.98
1101.17
