0
0
0
0
0.494735
0.891405
3.11118
4.88824
9.02513
12.342
18.3322
23.1351
32.107
39.3006
49.7195
58.0733
69.24
78.193
88.2859
96.3782
105.212
112.294
120.701
127.442
134.734
140.581
147.525
153.093
161.942
169.232
177.804
184.677
193.026
199.72
209.704
217.911
227.436
235.076
242.77
248.745
257.226
264.024
272.141
278.649
288.147
295.56
307.965
318.13
329.576
338.849
351.107
360.938
373.745
384.014
396.95
407.376
418.315
426.866
440.367
451.097
462.456
471.916
482.546
491.069
503.689
513.75
524.682
533.447
543.929
552.333
566.908
578.239
594.092
606.911
617.51
626.012
638.995
649.451
661.254
670.71
682.429
691.897
704.561
714.608
730.002
742.344
756.299
767.533
781.879
793.387
808.639
820.906
834.027
844.547
854.662
862.771
871.428
878.271
890.255
899.927
910.732
919.289
931.778
942.096
955.233
966.166
981.024
993.002
1002.71
1010.43
1019.58
1026.93
1035.49
1042.04
1051.02
1058.48
1065.12
1070.39
1083.73
1094.43
1106.61
1116.53
1126.02
1133.64
1142.04
1148.1
1154.7
1160.15
1163.04
1165.36
1169.92
1173.42
1179.54
1184.61
1191.39
1196.83
1207.75
1216.35
1223.4
1229.05
1233.95
1237.88
1245.01
1250.57
1256.67
1261.7
1264.61
1266.95
1272.02
1276.09
1280.66
1284.32
1291.13
1296.6
1307.15
1315.71
1326.82
1335.88
1349.25
1359.97
1376.61
1389.95
1402.9
1413.28
1421.69
1428.2
1440.31
1449.94
1459.96
1468.21
1479.63
1488.79
1503.82
1515.87
1533.45
1547.54
1564.52
1578.06
1598.03
