0
1.54919
2.67403
3.44229
3.95184
4.31157
4.70064
5.36226
6.22747
7.10409
10.3523
11.6029
16.7754
20.8498
33.1194
41.3638
58.1093
65.6973
78.13
85.5927
97.6927
106.363
120.637
130.999
140.645
147.557
153.315
161.157
171.015
179.256
188.666
196.027
204.801
210.5
221.629
230.459
244.507
254.546
272.162
284.531
305.786
320.122
343.37
359.98
386.81
403.727
410.67
416.892
419.259
422.263
422.056
421.577
418.925
417.77
413.35
412.099
447.373
467.034
473.139
473.453
468.27
467.388
461.735
461.472
463.163
463.556
437.259
421.3
408.74
402.804
398.4
393.972
388.588
380.668
365.372
356.316
385.287
403.838
428.487
444.128
468.453
484.269
0
0
0
389.631
353.207
330.919
310.527
298.215
274.963
258.962
293.567
320.072
361.157
344.113
364.446
377.911
383.383
386.628
394.578
398.185
410.362
416.934
426.782
432.871
422.735
408.388
380.647
359.728
322.482
296.82
253.61
222.899
173.73
139.753
125.36
115.523
108.511
