0
0.162802
0.606139
10.1035
17.37
32.7573
44.3012
64.5358
79.5681
103.48
121.489
147.986
167.379
186.698
200.759
217.072
229.372
243.319
254.039
268.058
278.472
293.955
305.687
322.934
335.978
354.06
367.285
386.457
400.47
419.299
432.745
421.601
412.899
383.792
361.93
321.473
291.298
243.103
207.173
153.297
113.649
84.3012
62.6837
46.5557
34.7183
25.9443
19.5013
14.8967
0
0
0
5.0334
10.8155
14.0987
15.9438
16.5583
16.9099
17.5148
18.4166
0
0
0
0
0
5.04675
4.91261
5.36958
5.63714
6.07318
7.02087
8.26233
9.43393
10.5328
11.6793
11.5292
11.3254
10.7193
9.90303
9.08982
0
7.24809
0
0
0
4.11003
0
3.90278
0
4.77352
7.68202
9.21854
0
10.5613
0
10.5077
11.8221
11.5446
0
0
0
