1 120 86 2 13 0 0 0 0 0 0 0 0 0 0 0 0 0 0 0 0 0 0 0 0 0 0 0 0 0 0 0 0 0 0 0 0 0 0 0 0 0 0 0 0 0 0 0 0 0 0 0 0 0 0 0 0 0 0 0 0 0 0 0 0 0 0 0 0 0 0 0 0 0 0 0 0 0 0 0 0 0 0 0 0 0 0 0 0 0 0 0 0 0 0 0 0 0 0 0 0 0 0 0 0 0 0 0 0 0 0 0 0 0 0 0 0 0 0 0 0 0 0 0 0 
2 108 238 3 14 0 0 0 0 0 0 0 0 0 0 0 0 0 0 0 0 0 0 0 0 0 0 0 0 0 0 0 0 0 0 0 0 0 0 0 0 0 0 0 0 0 0 0 0 0 0 0 0 0 0 0 0 0 0 0 0 0 0 0 0 0 0 0 0 0 0 0 0 0 0 0 0 0 0 0 0 0 0 0 0 0 0 0 0 0 0 0 0 0 0 0 0 0 0 0 0 0 0 0 0 0 0 0 0 0 0 0 0 0 0 0 0 0 0 0 0 0 0 0 0 
3 71 158 4 15 0 0 0 0 0 0 0 0 0 0 0 0 0 0 0 0 0 0 0 0 0 0 0 0 0 0 0 0 0 0 0 0 0 0 0 0 0 0 0 0 0 0 0 0 0 0 0 0 0 0 0 0 0 0 0 0 0 0 0 0 0 0 0 0 0 0 0 0 0 0 0 0 0 0 0 0 0 0 0 0 0 0 0 0 0 0 0 0 0 0 0 0 0 0 0 0 0 0 0 0 0 0 0 0 0 0 0 0 0 0 0 0 0 0 0 0 0 0 0 0 
4 58 89 5 16 0 0 0 0 0 0 0 0 0 0 0 0 0 0 0 0 0 0 0 0 0 0 0 0 0 0 0 0 0 0 0 0 0 0 0 0 0 0 0 0 0 0 0 0 0 0 0 0 0 0 0 0 0 0 0 0 0 0 0 0 0 0 0 0 0 0 0 0 0 0 0 0 0 0 0 0 0 0 0 0 0 0 0 0 0 0 0 0 0 0 0 0 0 0 0 0 0 0 0 0 0 0 0 0 0 0 0 0 0 0 0 0 0 0 0 0 0 0 0 0 
5 57 243 8 76 0 0 0 0 0 0 0 0 0 0 0 381.056 641.507 1488.46 1963.11 3121.4 3722.13 5121.9 5861.86 7517.37 8397.89 9910.3 10664.9 11944.7 12614.2 13534.5 13951.6 14615.5 14888.6 15309.1 15470.9 15700 15768.6 15860.3 15817 16124.1 16369.4 16776.4 17049.7 17536.6 17839.3 18444.9 18765 19426.7 19802 20077.7 20004.9 18311 17024.5 14461.8 13116.7 10388.5 8984.83 6104.61 4628.52 1967.18 776.736 1485.88 2039.84 2039.84 2039.84 2039.84 2039.84 2039.84 2039.84 2039.84 2039.84 553.957 0 0 0 0 0 0 0 0 0 0 0 0 0 0 0 0 0 0 0 0 0 0 0 0 0 0 0 0 0 0 0 0 0 0 0 0 0 0 0 0 0 0 0 0 0 0 0 0 0 0 0 0 
6 119 80 19 85 0 0 0 0 0 0 0 0 0 0 0 0 0 0 0 0 0 0 0 0 0 358.32 572.05 997.556 1193.25 1678.34 1940.5 2588.91 2924.97 3747.72 4171.65 4704.74 4935.4 5249.59 5353.56 5477.96 5511.69 5467.55 5435.48 5353.87 5305.1 5347.22 5454.22 5782.98 6098.53 6867.88 7361.3 8364.53 8953.18 10160.5 10806.1 12127.9 12694.9 14195.8 14896.5 16235.3 16774.6 15960.7 15068.1 13119.6 12098.9 9843.58 8725.19 6155.77 4839.86 2122.24 793.632 803.836 803.836 803.836 803.836 803.836 803.836 803.836 803.836 803.836 803.836 0 0 0 0 0 0 0 0 0 0 0 0 0 0 0 0 0 0 0 0 0 0 0 0 0 0 0 0 0 0 0 0 0 0 0 0 0 0 0 0 0 0 0 
7 174 192 32 96 0 0 0 0 0 0 0 0 0 0 0 0 0 0 0 0 0 0 0 0 0 0 0 0 0 0 0 0 0 0 0 0 0 0 0 786.676 1226.75 2337.91 2913.7 4315.17 5048.09 6723.78 7583.62 9425.97 10318.2 11346.4 11771.1 12471.7 12788.8 13273.7 13453.4 13640.3 13664.9 13891.1 14072.5 14497.9 14745.3 15257.1 15575.5 16316.9 16767.1 17411.2 17710.5 17843.6 17833.3 18028.9 18134.7 16549.8 15338.5 12710.7 11348 8841.27 7657.53 5455.89 4392.46 1956.69 738.6 2258.06 2728.53 2728.53 2728.53 2728.53 2728.53 2728.53 2728.53 2728.53 2728.53 470.47 0 0 0 0 0 0 0 0 0 0 0 0 0 0 0 0 0 0 0 0 0 0 0 0 0 0 0 0 0 0 0 0 
8 63 77 48 116 0 0 0 0 0 0 0 0 0 0 0 0 0 0 0 0 0 0 0 0 0 0 0 0 0 0 0 0 0 0 0 0 0 0 0 0 0 0 0 0 0 0 0 0 0 0 0 0 0 118.371 118.371 619.856 958.726 1974.17 2549.32 3912.02 4630.32 6086.14 6847.77 8388.01 9265.21 10639.7 11312.1 12434.5 13046.4 13650.9 14178.1 15076.8 15449.4 16300 16855.9 17752.1 18183.3 18868.5 19073.1 19844.1 20005.9 20494.7 20964.3 21394.5 21606.4 21928.7 22205.7 22632.1 22978.5 22486.7 21079.4 18236.1 16632.3 13692.9 12047.9 8953.39 7233.86 3984.47 2246.46 0 0 1053.97 1053.97 1053.97 1053.97 1053.97 1053.97 1053.97 1053.97 1053.97 1053.97 0 0 0 0 0 0 0 0 0 0 0 0 0 
9 121 240 59 120 0 0 0 0 0 0 0 0 0 0 0 0 0 0 0 0 0 0 0 0 0 0 0 0 0 0 0 0 0 0 0 0 0 0 0 0 0 0 0 0 0 0 0 0 0 0 0 0 0 0 0 0 0 0 0 0 0 0 0 132.185 132.185 451.063 673.537 1153.81 1426.2 2264.71 2710.6 3797.49 4359.17 5450.28 6073.07 7277.88 7828.65 8828.52 9262.95 9645.55 9756.86 10276.6 10402.5 10582.5 10636.3 10595.3 10554.2 10615.5 10646.4 10963.2 11216.3 11305.3 11475.2 11926.6 12211.3 12620.4 12815.2 13058.3 13297.8 13637.8 13770.8 12579.5 11722 9867.36 8906.04 7014.25 6087.31 4302.73 3325.61 1447.69 504.376 3163.68 4220.36 4220.36 4220.36 4220.36 4220.36 4220.36 4220.36 4220.36 4220.36 1056.68 0 0 
10 185 128 70 120 0 0 0 0 0 0 0 0 0 0 0 0 0 0 0 0 0 0 0 0 0 0 0 0 0 0 0 0 0 0 0 0 0 0 0 0 0 0 0 0 0 0 0 0 0 0 0 0 0 0 0 0 0 0 0 0 0 0 0 0 0 0 0 0 0 0 0 0 0 0 0 0 0 468.01 740.141 1460.21 1860.85 3342.97 4000.58 5293.76 5948.43 7514.16 8322.09 9682.6 10314.4 11510.8 12035 12514.7 12833.2 13579.9 13939.1 14406.5 14591.7 15085.4 15371.9 16057 16451.7 17111.4 17447.5 18237.2 18650.7 19856 20460.3 21357.6 21781.1 22201.7 22302.4 20528 19215.9 16386.3 14959 11720.6 10123.1 6903.55 5289.6 2267.48 847.126 2214.77 2617.44 2617.44 
11 23 203 77 88 0 0 0 0 0 0 0 0 0 0 0 0 0 0 0 0 0 0 0 0 0 0 0 0 0 0 0 0 0 0 0 0 0 0 0 0 0 0 0 0 0 0 0 0 0 0 0 0 0 0 0 0 0 0 0 0 0 0 0 0 0 0 0 0 0 0 0 0 0 0 0 0 0 0 0 0 0 0 0 0 0 0 0 0 0 0 0 0 0 0 0 0 0 0 0 0 0 0 0 0 0 0 0 0 0 0 0 0 0 0 0 0 0 0 0 0 0 0 0 0 
12 57 8 90 101 0 0 0 0 0 0 0 0 0 0 0 0 0 0 0 0 0 0 0 0 0 0 0 0 0 0 0 0 0 0 0 0 0 0 0 0 0 0 0 0 0 0 0 0 0 0 0 0 0 0 0 0 0 0 0 0 0 0 0 0 0 0 0 0 0 0 0 0 0 0 0 0 0 0 0 0 0 0 0 0 0 0 0 0 0 0 0 0 0 0 0 0 0 0 0 0 0 0 0 0 0 0 0 0 0 0 0 0 0 0 0 0 0 0 0 0 0 0 0 0 
13 86 313 101 112 0 0 0 0 0 0 0 0 0 0 0 0 0 0 0 0 0 0 0 0 0 0 0 0 0 0 0 0 0 0 0 0 0 0 0 0 0 0 0 0 0 0 0 0 0 0 0 0 0 0 0 0 0 0 0 0 0 0 0 0 0 0 0 0 0 0 0 0 0 0 0 0 0 0 0 0 0 0 0 0 0 0 0 0 0 0 0 0 0 0 0 0 0 0 0 0 0 0 0 0 0 0 0 0 0 0 0 0 0 0 0 0 0 0 0 0 0 0 0 0 
14 71 188 103 114 0 0 0 0 0 0 0 0 0 0 0 0 0 0 0 0 0 0 0 0 0 0 0 0 0 0 0 0 0 0 0 0 0 0 0 0 0 0 0 0 0 0 0 0 0 0 0 0 0 0 0 0 0 0 0 0 0 0 0 0 0 0 0 0 0 0 0 0 0 0 0 0 0 0 0 0 0 0 0 0 0 0 0 0 0 0 0 0 0 0 0 0 0 0 0 0 0 0 0 0 0 0 0 0 0 0 0 0 0 0 0 0 0 0 0 0 0 0 0 0 
15 86 313 113 120 0 0 0 0 0 0 0 0 0 0 0 0 0 0 0 0 0 0 0 0 0 0 0 0 0 0 0 0 0 0 0 0 0 0 0 0 0 0 0 0 0 0 0 0 0 0 0 0 0 0 0 0 0 0 0 0 0 0 0 0 0 0 0 0 0 0 0 0 0 0 0 0 0 0 0 0 0 0 0 0 0 0 0 0 0 0 0 0 0 0 0 0 0 0 0 0 0 0 0 0 0 0 0 0 0 0 0 0 0 0 0 0 0 0 0 0 0 0 0 0 
16 71 176 115 120 0 0 0 0 0 0 0 0 0 0 0 0 0 0 0 0 0 0 0 0 0 0 0 0 0 0 0 0 0 0 0 0 0 0 0 0 0 0 0 0 0 0 0 0 0 0 0 0 0 0 0 0 0 0 0 0 0 0 0 0 0 0 0 0 0 0 0 0 0 0 0 0 0 0 0 0 0 0 0 0 0 0 0 0 0 0 0 0 0 0 0 0 0 0 0 0 0 0 0 0 0 0 0 0 0 0 0 0 0 0 0 0 0 0 0 0 0 0 0 0 
17 23 117 117 120 0 0 0 0 0 0 0 0 0 0 0 0 0 0 0 0 0 0 0 0 0 0 0 0 0 0 0 0 0 0 0 0 0 0 0 0 0 0 0 0 0 0 0 0 0 0 0 0 0 0 0 0 0 0 0 0 0 0 0 0 0 0 0 0 0 0 0 0 0 0 0 0 0 0 0 0 0 0 0 0 0 0 0 0 0 0 0 0 0 0 0 0 0 0 0 0 0 0 0 0 0 0 0 0 0 0 0 0 0 0 0 0 0 0 0 0 0 0 0 0 
18 23 44 118 120 0 0 0 0 0 0 0 0 0 0 0 0 0 0 0 0 0 0 0 0 0 0 0 0 0 0 0 0 0 0 0 0 0 0 0 0 0 0 0 0 0 0 0 0 0 0 0 0 0 0 0 0 0 0 0 0 0 0 0 0 0 0 0 0 0 0 0 0 0 0 0 0 0 0 0 0 0 0 0 0 0 0 0 0 0 0 0 0 0 0 0 0 0 0 0 0 0 0 0 0 0 0 0 0 0 0 0 0 0 0 0 0 0 0 0 0 0 0 0 0 
