1 120 86 2 0 0 0 0 0 0 0 0 0 0 0 0 0 0 0 0 0 0 0 0 0 0 0 0 0 0 0 0 0 0 0 0 0 0 0 0 0 0 0 0 0 0 0 0 0 0 0 0 0 0 0 0 0 0 0 0 0 0 0 0 0 0 0 0 0 0 0 0 0 0 0 0 0 0 0 0 0 0 0 0 0 0 0 0 0 0 0 0 0 0 0 0 0 0 0 0 0 0 0 0 0 0 0 0 0 0 0 0 0 0 0 0 0 0 0 0 0 0 0 0 
2 108 238 3 0 0 0 0 0 0 0 0 0 0 0 0 0 0 0 0 0 0 0 0 0 0 0 0 0 0 0 0 0 0 0 0 0 0 0 0 0 0 0 0 0 0 0 0 0 0 0 0 0 0 0 0 0 0 0 0 0 0 0 0 0 0 0 0 0 0 0 0 0 0 0 0 0 0 0 0 0 0 0 0 0 0 0 0 0 0 0 0 0 0 0 0 0 0 0 0 0 0 0 0 0 0 0 0 0 0 0 0 0 0 0 0 0 0 0 0 0 0 0 0 
3 71 158 4 0 0 0 0 0 0 0 0 0 0 0 0 0 0 0 0 0 0 0 0 0 0 0 0 0 0 0 0 0 0 0 0 0 0 0 0 0 0 0 0 0 0 0 0 0 0 0 0 0 0 0 0 0 0 0 0 0 0 0 0 0 0 0 0 0 0 0 0 0 0 0 0 0 0 0 0 0 0 0 0 0 0 0 0 0 0 0 0 0 0 0 0 0 0 0 0 0 0 0 0 0 0 0 0 0 0 0 0 0 0 0 0 0 0 0 0 0 0 0 0 
4 58 89 5 0 0 0 0 0 0 0 0 0 0 0 0 0 0 0 0 0 0 0 0 0 0 0 0 0 0 0 0 0 0 0 0 0 0 0 0 0 0 0 0 0 0 0 0 0 0 0 0 0 0 0 0 0 0 0 0 0 0 0 0 0 0 0 0 0 0 0 0 0 0 0 0 0 0 0 0 0 0 0 0 0 0 0 0 0 0 0 0 0 0 0 0 0 0 0 0 0 0 0 0 0 0 0 0 0 0 0 0 0 0 0 0 0 0 0 0 0 0 0 0 
5 57 243 8 0 0 0 0 0 0 0 0 0 0 0 381.056 641.507 1488.46 1963.11 3121.4 3722.13 5121.9 5861.86 7517.37 8397.89 9910.3 10664.9 11944.7 12614.2 13534.5 13951.6 14615.5 14888.6 15309.1 15470.9 15700 15768.6 15860.3 15817 16124.1 16369.4 16776.4 17049.7 17536.6 17839.3 18444.9 18765 19426.7 19802 20077.7 20004.9 18311 17024.5 14461.8 13116.7 10388.5 8984.83 6104.61 4628.52 1967.18 776.736 1485.88 2039.84 2039.84 2039.84 2039.84 2039.84 2039.84 2039.84 2039.84 2039.84 553.957 0 0 0 0 0 0 0 0 0 0 0 0 0 0 0 0 0 0 0 0 0 0 0 0 0 0 0 0 0 0 0 0 0 0 0 0 0 0 0 0 0 0 0 0 0 0 0 0 0 0 0 0 
7 115 77 21 0 0 0 0 0 0 0 0 0 0 0 0 0 0 0 0 0 0 0 0 0 0 0 384.597 579.385 1057.33 1311.95 1964.73 2300.79 3130.27 3554.2 4452.33 4896.73 5270.25 5383.18 5526.99 5572.23 5528.7 5496.64 5408.29 5359.52 5397.18 5504.18 5816.78 6128.81 6878.92 7362.01 8354.02 8919.94 10115.1 10749.2 12060.1 12612.1 13642.9 13987.2 14346.7 13563.7 11962.5 11092.6 9156.28 8147.05 5900.33 4796.89 2695.44 1731.32 0 0 880.389 880.389 880.389 880.389 880.389 880.389 880.389 880.389 880.389 880.389 0 0 0 0 0 0 0 0 0 0 0 0 0 0 0 0 0 0 0 0 0 0 0 0 0 0 0 0 0 0 0 0 0 0 0 0 0 0 0 0 0 0 0 
9 174 181 37 0 0 0 0 0 0 0 0 0 0 0 0 0 0 0 0 0 0 0 0 0 0 0 0 0 0 0 0 0 0 0 0 0 0 0 0 0 0 0 1206.77 1865.62 3486.64 4336.35 6176.63 7071.77 8886.6 9751.46 11535.9 12410 13078.3 13367.1 13633.9 13681 13914.6 14093.1 14532.3 14813.8 14901.7 14975.8 15097.4 15181.5 15148.7 15080.3 14574.4 13500.8 11246.7 10100.4 8228.05 7279.82 5283.14 4251.39 2396.45 1568 0 0 0 0 2072.54 2561.81 2561.81 2561.81 2561.81 2561.81 2561.81 2561.81 2561.81 2561.81 489.268 0 0 0 0 0 0 0 0 0 0 0 0 0 0 0 0 0 0 0 0 0 0 0 0 0 0 0 0 0 0 0 0 
11 61 80 49 0 0 0 0 0 0 0 0 0 0 0 0 0 0 0 0 0 0 0 0 0 0 0 0 0 0 0 0 0 0 0 0 0 0 0 0 0 0 0 0 0 0 0 0 0 0 0 0 0 0 78.6859 681.562 1089.2 2185.24 2784.9 4142.2 4853.02 6296.97 7051.1 8697.82 9496.33 10769.4 11373 12414.9 13002.3 13612.1 14146.8 15064.6 15458.3 16324.2 16880.1 17776.3 18207.6 18892.8 19097.3 19876.9 20044.7 20528.6 20984.6 21411.4 21623.3 21945.6 22222.6 22651.2 22997.6 23568.3 23694.4 21861.2 20257.4 17318 15673.1 12578.5 10859 7607.39 5869.38 2551.93 1012.57 997.142 997.142 997.142 997.142 997.142 997.142 997.142 997.142 997.142 997.142 0 0 0 0 0 0 0 0 0 0 0 0 0 
12 121 240 59 0 0 0 0 0 0 0 0 0 0 0 0 0 0 0 0 0 0 0 0 0 0 0 0 0 0 0 0 0 0 0 0 0 0 0 0 0 0 0 0 0 0 0 0 0 0 0 0 0 0 0 0 0 0 0 0 0 0 0 132.185 132.185 451.063 673.537 1153.81 1426.2 2264.71 2710.6 3797.49 4359.17 5450.28 6073.07 7277.88 7828.65 8828.52 9262.95 9645.55 9756.86 10276.6 10402.5 10582.5 10636.3 10595.3 10554.2 10615.5 10646.4 10963.2 11216.3 11305.3 11475.2 11926.6 12211.3 12620.4 12815.2 13058.3 13297.8 13637.8 13770.8 12579.5 11722 9867.36 8906.04 7014.25 6087.31 4302.73 3325.61 1447.69 504.376 3163.68 4220.36 4220.36 4220.36 4220.36 4220.36 4220.36 4220.36 4220.36 4220.36 1056.68 0 0 
14 185 128 70 0 0 0 0 0 0 0 0 0 0 0 0 0 0 0 0 0 0 0 0 0 0 0 0 0 0 0 0 0 0 0 0 0 0 0 0 0 0 0 0 0 0 0 0 0 0 0 0 0 0 0 0 0 0 0 0 0 0 0 0 0 0 0 0 0 0 0 0 0 0 0 0 0 468.01 740.141 1460.21 1860.85 3342.97 4000.58 5293.76 5948.43 7514.16 8322.09 9682.6 10314.4 11510.8 12035 12514.7 12833.2 13579.9 13939.1 14406.5 14591.7 15085.4 15371.9 16057 16451.7 17111.4 17447.5 18237.2 18650.7 19856 20460.3 21357.6 21781.1 22201.7 22302.4 20528 19215.9 16386.3 14959 11720.6 10123.1 6903.55 5289.6 2267.48 847.126 2214.77 2617.44 2617.44 
16 23 203 79 0 0 0 0 0 0 0 0 0 0 0 0 0 0 0 0 0 0 0 0 0 0 0 0 0 0 0 0 0 0 0 0 0 0 0 0 0 0 0 0 0 0 0 0 0 0 0 0 0 0 0 0 0 0 0 0 0 0 0 0 0 0 0 0 0 0 0 0 0 0 0 0 0 0 0 0 0 0 0 0 0 0 0 0 0 0 0 0 0 0 0 0 0 0 0 0 0 0 0 0 0 0 0 0 0 0 0 0 0 0 0 0 0 0 0 0 0 0 0 0 
17 57 8 90 0 0 0 0 0 0 0 0 0 0 0 0 0 0 0 0 0 0 0 0 0 0 0 0 0 0 0 0 0 0 0 0 0 0 0 0 0 0 0 0 0 0 0 0 0 0 0 0 0 0 0 0 0 0 0 0 0 0 0 0 0 0 0 0 0 0 0 0 0 0 0 0 0 0 0 0 0 0 0 0 0 0 0 0 0 0 0 0 0 0 0 0 0 0 0 0 0 0 0 0 0 0 0 0 0 0 0 0 0 0 0 0 0 0 0 0 0 0 0 0 
18 86 313 101 0 0 0 0 0 0 0 0 0 0 0 0 0 0 0 0 0 0 0 0 0 0 0 0 0 0 0 0 0 0 0 0 0 0 0 0 0 0 0 0 0 0 0 0 0 0 0 0 0 0 0 0 0 0 0 0 0 0 0 0 0 0 0 0 0 0 0 0 0 0 0 0 0 0 0 0 0 0 0 0 0 0 0 0 0 0 0 0 0 0 0 0 0 0 0 0 0 0 0 0 0 0 0 0 0 0 0 0 0 0 0 0 0 0 0 0 0 0 0 0 
19 23 117 117 0 0 0 0 0 0 0 0 0 0 0 0 0 0 0 0 0 0 0 0 0 0 0 0 0 0 0 0 0 0 0 0 0 0 0 0 0 0 0 0 0 0 0 0 0 0 0 0 0 0 0 0 0 0 0 0 0 0 0 0 0 0 0 0 0 0 0 0 0 0 0 0 0 0 0 0 0 0 0 0 0 0 0 0 0 0 0 0 0 0 0 0 0 0 0 0 0 0 0 0 0 0 0 0 0 0 0 0 0 0 0 0 0 0 0 0 0 0 0 0 
20 20 66 118 0 0 0 0 0 0 0 0 0 0 0 0 0 0 0 0 0 0 0 0 0 0 0 0 0 0 0 0 0 0 0 0 0 0 0 0 0 0 0 0 0 0 0 0 0 0 0 0 0 0 0 0 0 0 0 0 0 0 0 0 0 0 0 0 0 0 0 0 0 0 0 0 0 0 0 0 0 0 0 0 0 0 0 0 0 0 0 0 0 0 0 0 0 0 0 0 0 0 0 0 0 0 0 0 0 0 0 0 0 0 0 0 0 0 0 0 0 0 0 0 
