0
0
0
0
2.05771
3.59605
10.1174
14.59
23.618
29.8892
40.9525
48.9673
62.0017
71.4322
84.3081
93.1106
104.147
112.058
123.023
130.911
140.741
147.09
155.443
160.77
168.708
174.263
181.631
187.065
195.719
201.495
213.724
222.53
239.488
251.13
271.841
285.937
308.597
323.599
346.604
362.218
353.561
347.228
320.473
302.048
263.955
237.741
192.755
161.725
111.304
76.6024
0
0
0
0
0
0
0
0
0
0
0
0
0
0
0
0
0
0
0
0
0
0
0
0
0
0
0
0
0
0
0
0
0
0
0
0
0
0
0
0
0
0
0
0
0
0
0
0
0
0
0
0
0
0
0
0
0
0
9.56381
0
23.8116
33.4877
51.2858
63.6978
84.692
99.4135
123.632
140.627
158.121
177.056
192.63
203.9
219.509
230.616
246.309
257.229
272.693
283.48
298.591
310.095
325
335.947
350.418
360.671
374.586
384.813
398.001
408.468
419.183
425.059
405.306
390.58
354.528
328.889
283.904
251.901
201.733
165.344
113.785
78.3813
0
0
0
0
0
0
0
0
0
0
0
0
0
0
0
0
0
0
0
0
0
0
0
0
0
0
0
0
0
0
0
0
0
0
0
0
0
0
0
0
0
0
0
0
0
0
0
0
0
0
0
0
0
0
0
0
0
0
0
0
7.29106
0
22.3279
31.2822
51.2908
64.9279
88.3643
104.599
131.313
150.026
172.669
193.543
211.563
225.621
241.846
253.408
269.115
280.079
292.511
301.004
309.667
315.806
321.592
325.57
330.536
334.27
339.925
343.879
351.884
357.243
341.017
329.539
301.389
281.968
245.997
220.859
178.638
149.314
103.329
0
0
0
0
0
0
0
0
0
0
0
0
2.11385
0
0
0
0
0
0
0
0
0
0
0
0
0
0.864616
1.58403
2.54703
0
0
0
0
0
0
0
0
0
0
0
0
0
0
0
0
0
0
0
0
0
0
0
0
0
0
0
0
0
0
0
0
0
0
0
0
0
0
0
0
0
0
0
0
0
0
0
0
0
0
0
0
0
0
0
0
0
0
0
0
0
0
0
0
0
0
0
0
0
0
0
0
0
0
0
0
0
0
0
0
0
0
0
0
0
0
0
0
0
0
0
0
0
0
0
0
0
0
0
0
0
0
0
0
0
0
0
0
0
0
0
0
0
0
0
0
0
0
0
0
0
