1 178 236 3 26 0 0 0 13239.4 20733.5 24008.1 25642.4 41170.1 37230 34439.6 33559 48446.6 44015.7 40381.2 38536 52794.7 46287.7 39479.3 35777.8 45379.6 35689.2 25674.4 21386 19422.6 6962.38 0 0 0 0 0 0 0 0 0 0 0 0 0 0 0 0 0 0 0 0 0 0 
2 120 160 4 30 0 0 0 0 4261.5 6118.81 7098.3 15141.4 19484.9 16965 15107.6 23248 20354.5 18392.4 17986.3 26472.2 22087.3 18966.6 16585.2 23343.8 19743.5 17432.9 15403.9 22217 18390.2 13504.6 11080.3 11080.3 4267.21 0 0 0 0 0 0 0 0 0 0 0 0 0 0 0 0 0 0 
3 113 247 5 22 0 0 0 0 0 0 0 11548.7 18270.4 21552.8 21552.8 35270.4 32799.3 30803.3 30031.1 46604.7 42622.9 33545.4 28819.6 26309.5 9735.88 0 0 0 0 0 0 0 0 0 0 0 0 0 0 0 0 0 0 0 0 0 0 0 0 0 0 
4 41 259 6 10 0 0 0 0 0 0 0 0 0 0 0 0 0 0 0 0 0 0 0 0 0 0 0 0 0 0 0 0 0 0 0 0 0 0 0 0 0 0 0 0 0 0 0 0 0 0 0 
5 57 101 7 11 0 0 0 0 0 0 0 0 0 0 0 3175.68 0 0 0 0 0 0 0 0 0 0 0 0 0 0 0 0 0 0 0 0 0 0 0 0 0 0 0 0 0 0 0 0 0 0 0 
6 40 158 8 12 0 0 0 0 0 0 0 0 0 0 0 0 0 0 0 0 0 0 0 0 0 0 0 0 0 0 0 0 0 0 0 0 0 0 0 0 0 0 0 0 0 0 0 0 0 0 0 
7 10 245 11 15 0 0 0 0 0 0 0 0 0 0 0 0 0 0 0 0 0 0 0 0 0 0 0 0 0 0 0 0 0 0 0 0 0 0 0 0 0 0 0 0 0 0 0 0 0 0 0 
8 54 95 12 16 0 0 0 0 0 0 0 0 0 0 0 0 0 1197.32 1933.44 1933.44 1933.44 0 0 0 0 0 0 0 0 0 0 0 0 0 0 0 0 0 0 0 0 0 0 0 0 0 0 0 0 0 0 
9 55 267 16 30 0 0 0 0 0 0 0 0 0 0 0 0 0 0 0 0 4033.36 6432.12 7683.74 14870.8 19348.3 17813 15414.2 21780.9 18851.3 14373.8 11875.8 11875.8 4257.49 0 0 0 0 0 0 0 0 0 0 0 0 0 0 0 0 0 0 
10 32 142 17 21 0 0 0 0 0 0 0 0 0 0 0 0 0 0 0 0 0 0 0 0 0 0 0 0 0 0 0 0 0 0 0 0 0 0 0 0 0 0 0 0 0 0 0 0 0 0 0 
11 169 302 19 120 0 0 0 0 0 0 0 0 0 0 0 0 0 0 0 0 0 0 0 11287 17823.5 20612.8 21822.9 30377.6 23247 17669.2 14879.9 20927.1 16198.9 13421.8 12463 22647.7 21450.4 20587.6 20533.8 33985 31006.9 27946.7 26203 38299.4 31870.3 27409.7 25366.6 24146.8 10724.9 17944.9 23025.3 
12 118 270 23 120 0 0 0 0 0 0 0 0 0 0 0 0 0 0 0 0 0 0 0 0 0 0 0 11468.6 17769.7 20246.7 21486.2 30193.1 23319.7 18721.7 17027.2 27219.9 24981.5 23282.7 22767.4 39603.2 37829.1 35443.4 34322.7 53955.3 47066.7 41515.1 38773.2 36997.5 16177.1 27565.5 35362.8 
13 39 117 24 120 0 0 0 0 0 0 0 0 0 0 0 0 0 0 0 0 0 0 0 0 0 0 0 0 0 0 0 3793.72 6297.57 7787.43 8527.22 14771.1 14987.3 14750.7 14397.2 29404.9 32154.4 31999 31494.3 47747.7 41497.1 36381.4 33768.3 32005.8 14616.1 22620.8 27752.9 
14 175 66 31 120 0 0 0 0 0 0 0 0 0 0 0 0 0 0 0 0 0 0 0 0 0 0 0 0 0 0 0 0 0 0 0 8014.46 12771.3 15087.2 16162.1 29985.2 29597 27898.7 26728.7 40641.8 34418.3 29552.9 27385.2 26239.2 11251.2 18704.9 24838.8 
15 144 154 32 120 0 0 0 0 0 0 0 0 0 0 0 0 0 0 0 0 0 0 0 0 0 0 0 0 0 0 0 0 0 0 0 0 7532.31 11186.9 12784.1 37972.9 51888 50122.3 48633.9 74271.3 63299.9 54387.5 50195 48028.8 20794.2 35118.6 47632.4 
16 37 307 34 120 0 0 0 0 0 0 0 0 0 0 0 0 0 0 0 0 0 0 0 0 0 0 0 0 0 0 0 0 0 0 0 0 0 0 418.003 8416.31 13155.5 13155.5 13155.5 21807.8 18530.2 15615.9 15615.9 15615.9 6545.6 11569.3 14824.7 
17 34 34 35 120 0 0 0 0 0 0 0 0 0 0 0 0 0 0 0 0 0 0 0 0 0 0 0 0 0 0 0 0 0 0 0 0 0 0 0 8951.2 14334.7 17047.2 18286.2 29837.1 26926.3 23841.4 21856 20617.1 9066.17 14530.4 18207 
18 15 171 36 120 0 0 0 0 0 0 0 0 0 0 0 0 0 0 0 0 0 0 0 0 0 0 0 0 0 0 0 0 0 0 0 0 0 0 0 0 7950.92 11737.1 11737.1 25499.9 32631.1 27320.8 24326 24326 10563.2 17957.7 22999.2 
19 43 228 38 120 0 0 0 0 0 0 0 0 0 0 0 0 0 0 0 0 0 0 0 0 0 0 0 0 0 0 0 0 0 0 0 0 0 0 0 0 0 0 1734.11 20319.7 30093.6 34056.3 35424.9 33690.8 15105.2 24895.1 31048.6 
20 132 215 39 120 0 0 0 0 0 0 0 0 0 0 0 0 0 0 0 0 0 0 0 0 0 0 0 0 0 0 0 0 0 0 0 0 0 0 0 0 0 0 0 27476.7 42026 47443.8 49196.5 49196.5 21719.8 35488.8 45349 
21 219 309 40 44 0 0 0 0 0 0 0 0 0 0 0 0 0 0 0 0 0 0 0 0 0 0 0 0 0 0 0 0 0 0 0 0 0 0 0 0 0 0 0 0 0 0 0 0 0 0 0 
