1 107 158 5 120 0 0 0 0 0 1357.07 2119.77 2453.86 2648.57 2648.57 1291.51 2151.12 2769.63 3066.69 3364.41 6191.8 6462.66 6676.73 6811.65 6513.92 3686.54 11272.5 18070 24531 35771.8 39410.8 30105.8 24865.5 29526 23043 19655.3 19573.8 16849.9 19813.5 23674.2 27371.1 28934.2 35902.3 36741 
2 73 105 21 120 0 0 0 0 0 0 0 0 0 0 0 0 0 0 0 0 0 0 0 0 0 6401.32 11645.9 16187.4 22203.8 23933.9 17532.6 14330 17001.4 13762.8 12032.6 12032.6 9990.65 17920.6 24003.2 27948.8 29627.3 36028.5 33199.5 
3 101 273 23 120 0 0 0 0 0 0 0 0 0 0 0 0 0 0 0 0 0 0 0 0 0 0 0 0 0 0 0 0 0 0 0 0 0 8766.78 14126 16676.2 17788.3 17788.3 15992.8 
4 79 212 24 120 0 0 0 0 0 0 0 0 0 0 0 0 0 0 0 0 0 0 0 0 0 0 0 0 6229.45 8375.93 8375.93 10375.4 19500.3 16935.4 14788.9 14788.9 12789.5 15821.1 19577.3 23333.2 25029.7 25029.7 25439.7 
5 68 25 25 120 0 0 0 0 0 0 0 0 0 0 0 0 0 0 0 0 0 0 0 0 0 0 0 0 0 676.734 676.734 676.734 4051.63 5446.98 4770.24 4770.24 4770.24 9959.15 13380.1 13380.1 13380.1 13380.1 12545.1 
6 16 30 27 120 0 0 0 0 0 0 0 0 0 0 0 0 0 0 0 0 0 0 0 0 0 0 0 0 0 0 0 0 0 0 0 0 0 0 0 0 0 2681.21 7717.3 
7 47 266 28 120 0 0 0 0 0 0 0 0 0 0 0 0 0 0 0 0 0 0 0 0 0 0 0 0 0 0 0 0 0 0 0 0 0 6443.76 10550.3 12834.3 13884.5 13884.5 13976 
8 40 157 29 120 0 0 0 0 0 0 0 0 0 0 0 0 0 0 0 0 0 0 0 0 0 0 0 0 0 0 0 0 0 1465.26 1465.26 1465.26 1465.26 12734.4 17720.1 20529.7 21806.7 27852.2 27428.2 
9 173 154 30 120 0 0 0 0 0 0 0 0 0 0 0 0 0 0 0 0 0 0 0 0 0 0 0 0 0 0 0 0 0 0 0 0 0 9467.88 15547.2 18872.5 20221.4 27886.1 32592.4 
10 6 105 37 120 0 0 0 0 0 0 0 0 0 0 0 0 0 0 0 0 0 0 0 0 0 0 0 0 0 0 0 0 0 0 0 0 0 0 0 0 0 0 0 
