1 50 246 2 120 0 0 4597.39 14568 22279 33012.3 40489.8 51246 59352.8 71187.5 79163.7 90607.3 93843.6 95695 95939.4 96742.3 97327.2 99255.5 99169.7 100300 100686 103843 105446 108754 111361 115650 119792 123674 127942 132452 137322 140357 144479 141033 134290 119211 111918 109894 110309 108782 108960 106561 105796 109361 117871 131803 138370 137915 135931 132988 129167 125796 122226 119012 115089 110961 107001 103638 100608 97711.7 
2 216 135 3 120 0 0 0 4409.03 8903.49 14356.9 18475.6 23052.2 26670.5 31320.4 35110.1 39891.5 44756.1 40347.1 35852.6 30399.2 31984.1 33223.2 33675.3 34118.2 34450.7 34208.8 32304.8 35829.3 38260.8 38260.8 35242.9 29427.3 25356.9 20264.1 16141.9 11602.4 8641.76 5117.29 2685.8 2685.8 0 5461.45 10894.5 16757.5 21640.1 26666.3 26666.3 26666.3 26666.3 26666.3 26666.3 21204.8 15771.8 9908.75 10857.3 12315.4 18273.5 25307.9 31445.5 39286.5 47215.2 56683.8 67492.3 78375.1 
3 188 286 4 120 0 0 0 0 8246.22 17138.6 26179.4 34826.8 43102 51046.5 59742.5 67247.5 75622.9 82293.8 80311.3 78122.2 74848 73119.4 71043.1 69386.2 66433.9 65613.6 63251.2 62806 63253.7 64153.2 65369.1 64805.4 64963.1 64978.6 65266.4 65061.7 65299.5 65090.6 58379.2 50776.3 43793.9 44408.5 44910.3 45959 47680.4 48603.6 49354.9 50635.8 57251.4 64059.8 69886.2 69695.3 69372.1 69164.3 68372.5 67750.6 67382.5 66357.7 65581.2 64714.6 64535.4 64516.9 64038.5 64270.9 
4 127 113 5 120 0 0 0 0 0 8114.54 14162.9 22752.4 29077.4 37300.2 43543.7 52305.8 59109.3 68487.9 75283.6 76060.5 76793.3 76315.6 75641.9 67419.2 61175.6 52413.6 45610.1 36231.4 29435.7 20544.3 18660.7 10548.9 4897.6 4897.6 4897.6 12589.9 18388 24146 25792.3 25792.3 20894.7 29252 35787.6 44826.6 50954.4 51185.8 50446.2 51899 54758.4 61640.7 66550.5 66043.8 65073.9 65086 65280.9 67086.3 68287.7 71848.3 74846 80102 84744.6 90744.8 96612.6 102895 
6 66 302 8 120 0 0 0 0 0 0 0 0 7504.16 18750.6 26144.2 37050.8 44324.4 55058.2 61806 71639.8 78043.6 87997.6 86959.1 85782 85123.1 85145.1 85147.5 85494.2 87423.1 89236.2 92012.5 94123.8 97466.8 100397 104284 106466 109881 108741 103466 92633.5 88256.2 87559.5 88471.6 89356.7 90386.9 90011.6 90616.8 92879.5 100137 110822 115786 115780 114757 112324 109738 107153 104225 102084 98418.7 94918.9 91207.7 88164.1 84514.2 80829 
7 100 199 12 120 0 0 0 0 0 0 0 0 0 0 0 0 9213.91 22321 31295.7 43197.2 51908.1 64274.1 73246 85722.3 94182.6 107328 106817 107668 108298 111360 113083 116517 118548 123741 127426 133354 138130 136199 130142 115710 110323 111926 114515 118013 120857 122800 123617 131893 142228 161683 170000 172325 172196 170867 169087 167613 166570 166223 165751 164543 164216 163574 163590 162478 
8 152 49 13 120 0 0 0 0 0 0 0 0 0 0 0 0 0 5372.09 10019.1 16504.5 22039 28545.5 33539.6 33539.6 33539.6 33539.6 33539.6 28167.6 23520.6 20141.9 17242.3 13588.8 11372.3 14561.7 17315.2 20280.3 23139 25902.3 26703.9 23597.1 22782.1 23459.5 24004.2 25261.6 26151.1 27589 27838.3 28980.7 31005.6 35115.3 36662.8 37761 38212.2 38486.7 38817.6 39320.1 40185.3 41855.9 43631.9 46092.1 48708.3 52121.7 55672.8 59815.9 
9 170 221 15 120 0 0 0 0 0 0 0 0 0 0 0 0 0 0 0 13784.4 24367.4 36417.7 46375.2 58655 68087.9 79185.2 87892.4 98802.5 108260 105054 103219 100930 99602.9 97141.2 96442.9 96097.8 97155.5 96632.2 90846.2 81134 78307.7 79928 82862.2 85509 88369.8 89547.7 89605.8 90121.4 96006.1 106305 109577 109534 108227 106860 105331 104515 104274 103811 102293 101473 100655 101006 100598 103595 
10 13 304 18 120 0 0 0 0 0 0 0 0 0 0 0 0 0 0 0 0 0 0 0 4765.16 8192.08 13225.1 16720.8 21940 26190.6 32167.2 32167.2 38076.6 42764.7 44132.4 45832.3 40799.3 37303.6 36863.2 33905.3 27928.7 27928.7 27831.8 28409 28620.1 29105 35324.3 41150.9 42291.8 46606.7 46606.7 51930.6 52397.1 52630.3 52798.1 52506.4 51989.6 50702 50335.4 48578.9 53734.4 51936.8 45657.8 43472.8 41701.8 
11 8 180 19 120 0 0 0 0 0 0 0 0 0 0 0 0 0 0 0 0 0 0 0 3410.23 3410.23 7281.44 10213.5 14186.7 17200.9 21659.1 24930.8 29476.3 32746.5 29336.3 29336.3 25465.1 27357 26828.9 23814.8 19356.6 16084.9 11539.4 13438.4 20268.4 26534.4 33927.8 33905.3 36698.5 40800.1 40800.1 44278.3 49601.2 47807.9 46160.4 43040.9 39943.9 37890.5 35926.8 31825.2 31825.2 31356.4 30601.7 30316.1 25133.6 
