0
0
0
0
0.391276
0.654173
1.73314
2.45578
4.15123
5.2904
8.01367
9.84344
13.8573
16.5543
21.4659
24.766
29.0658
31.9572
35.175
37.337
40.044
41.8628
44.688
46.5862
47.8856
48.7587
50.1359
51.0613
53.6793
55.4383
57.5618
58.9885
60.4528
61.4366
64.9655
67.3353
70.583
72.7651
75.1656
76.7785
79.3784
81.1253
83.329
84.8076
87.2888
88.9572
93.3588
96.3162
100.192
102.796
106.25
108.57
113.696
117.142
121.8
124.929
130.404
134.082
140.01
143.993
148.532
151.582
155.556
158.227
164.214
168.237
171.39
173.575
176.757
178.894
185.149
189.352
194.713
198.314
201.031
202.856
207.335
210.277
215.566
219.298
224.026
227.203
233.291
237.381
243.707
247.955
253.741
257.629
263.63
267.482
273.463
277.482
282.469
285.819
290.013
292.969
294.559
295.625
298.774
300.892
305.418
308.458
311.523
313.583
316.751
318.743
323.925
327.547
329.508
330.825
332.059
332.888
336.569
339.103
342.068
344.062
346.491
347.988
352.968
356.314
359.41
361.49
362.042
362.452
363.252
363.87
364.704
365.264
365.728
366.039
368.53
370.258
372.537
374.029
376.725
378.457
381.118
382.973
382.86
382.899
381.312
380.477
381.039
381.356
381.525
381.697
380.368
379.547
378.86
378.284
375.488
373.384
370.2
368.109
364.307
361.731
357.38
354.339
351.516
349.685
349.331
349.032
346.732
345.166
342.184
340.147
339.729
339.479
338.992
338.596
339.42
340
342.502
344.154
346.627
348.316
349.15
349.657
349.531
